rectL:
[[ 9.99914541e-01 -1.06971215e-02  7.51549315e-03]
 [ 1.07013156e-02  9.99942605e-01 -5.18070344e-04]
 [-7.50951994e-03  5.98451735e-04  9.99971624e-01]]

rectR:
[[ 9.99929480e-01  2.19595171e-03  1.16710616e-02]
 [-2.20246712e-03  9.99997426e-01  5.45429792e-04]
 [-1.16698339e-02 -5.71096457e-04  9.99931742e-01]]

projMatrixL:
[[612.52727122   0.         799.55836578   0.        ]
 [  0.         612.52727122 604.13082592   0.        ]
 [  0.           0.           1.           0.        ]]

projMatrixR:
[[ 6.12527271e+02  0.00000000e+00  7.99558366e+02 -1.66242662e+03]
 [ 0.00000000e+00  6.12527271e+02  6.04130826e+02  0.00000000e+00]
 [ 0.00000000e+00  0.00000000e+00  1.00000000e+00  0.00000000e+00]]

Q(disparity-to-depth mapping matrix):
[[ 1.00000000e+00  0.00000000e+00  0.00000000e+00 -7.99558366e+02]
 [ 0.00000000e+00  1.00000000e+00  0.00000000e+00 -6.04130826e+02]
 [ 0.00000000e+00  0.00000000e+00  0.00000000e+00  6.12527271e+02]
 [ 0.00000000e+00  0.00000000e+00  3.68453720e-01 -0.00000000e+00]]

RMS=0.657287669656383
DIM=(1080, 1440)
// K = intrinsic matrix, D = distortion parameters
K_left=np.array([[754.5023342064773, 0.0, 759.5560061619611], [0.0, 749.7185864703603, 564.2647104183669], [0.0, 0.0, 1.0]])
D_left=np.array([[-0.014441095962008741], [-0.03084629651726308], [0.006771074268221642], [-0.00037834250921622793]])
K_right=np.array([[756.2499455039634, 0.0, 764.4326735890149], [0.0, 752.1631786644743, 590.7255169195101], [0.0, 0.0, 1.0]])
D_right=np.array([[-0.01697238695577684], [-0.015765280028541495], [-0.017524215296745586], [0.010053020252606631]])

STEREO RMS=0.9630320895442434
K1=np.array([[757.0906269935176, 0.0, 764.8742599000158], [0.0, 753.9447924748165, 575.5556449265899], [0.0, 0.0, 1.0]])
D1=np.array([[-0.021911850423982564], [0.03787005972204016], [-0.04375773598460998], [0.0071530127738241205]])
K2=np.array([[758.9196859148807, 0.0, 771.7944154475294], [0.0, 755.862674115047, 597.4940788056653], [0.0, 0.0, 1.0]])
D2=np.array([[-0.018251089044686298], [0.016380911723060547], [-0.013482703503152343], [-0.0025345334554505035]])
Rotation=np.array([[0.9999080919775862, -0.012905691707910465, -0.004153398522103266], [0.012901340808900834, 0.9999161989070606, -0.0010726456023650904], [0.004166893696223666, 0.0010189626077802033, 0.9999907993137378]])
Translation=np.array([[-2.713853671812567], [-0.005959911914688287], [-0.03167578726105503]])

Parameter of our camera:
L: fx = 757.0906269935176, fy = 753.9447924748165, cx = 764.8742599000158, cy =  575.5556449265899
    distortion coefficients: (k1, k2, k3, k4) = (-0.021911850423982564, 0.03787005972204016, -0.04375773598460998, 0.0071530127738241205)
R: fx = 758.9196859148807, fy = 755.862674115047, cx = 771.7944154475294, cy =  597.4940788056653
    distortion coefficients: (k1, k2, k3, k4) = (-0.018251089044686298, 0.016380911723060547, -0.013482703503152343, -0.0025345334554505035)

Transformation matrix from right to left camera:
 [ 0.9999080919775862, -0.012905691707910465, -0.004153398522103266,   -2.713853671812567,
   0.012901340808900834, 0.9999161989070606, -0.0010726456023650904,   -0.005959911914688287,
   0.004166893696223666, 0.0010189626077802033, 0.9999907993137378,   -0.03167578726105503,
   0.0,                  0.0,                   0.0,                   1.0                  ]

