%YAML:1.0
---
K1: !!opencv-matrix
   rows: 3
   cols: 3
   dt: d
   data: [ 757.09062699351762, 0., 764.87425990001577, 0.,
       753.9447924748165, 575.55564492658993, 0., 0., 1. ]
K2: !!opencv-matrix
   rows: 3
   cols: 3
   dt: d
   data: [ 758.91968591488069, 0., 771.79441544752945, 0.,
       755.86267411504696, 597.49407880566525, 0., 0., 1. ]
D1: !!opencv-matrix
   rows: 4
   cols: 1
   dt: d
   data: [ -0.021911850423982564, 0.037870059722040161,
       -0.043757735984609983, 0.0071530127738241205 ]
D2: !!opencv-matrix
   rows: 4
   cols: 1
   dt: d
   data: [ -0.018251089044686298, 0.016380911723060547,
       -0.013482703503152343, -0.0025345334554505035 ]
rectL: !!opencv-matrix
   rows: 3
   cols: 3
   dt: d
   data: [ 0.99991454082521336, -0.010697121527869604,
       0.007515493152207375, 0.010701315647122586, 0.99994260507618093,
       -0.00051807034415005452, -0.0075095199396190849,
       0.00059845173475152216, 0.99997162408030238 ]
rectR: !!opencv-matrix
   rows: 3
   cols: 3
   dt: d
   data: [ 0.9999294795716327, 0.0021959517128861102,
       0.011671061634591327, -0.0022024671237501157, 0.9999974258191423,
       0.0005454297916627274, -0.01166983385368262,
       -0.00057109645726962309, 0.99993174208376034 ]
projMatrixL: !!opencv-matrix
   rows: 3
   cols: 4
   dt: d
   data: [ 612.52727122155409, 0., 799.55836578274307, 0., 0.,
       612.52727122155409, 604.13082591814964, 0., 0., 0., 1., 0. ]
projMatrixR: !!opencv-matrix
   rows: 3
   cols: 4
   dt: d
   data: [ 612.52727122155409, 0., 799.55836578274307,
       -1662.4266191272568, 0., 612.52727122155409, 604.13082591814964,
       0., 0., 0., 1., 0. ]
Q: !!opencv-matrix
   rows: 4
   cols: 4
   dt: d
   data: [ 1., 0., 0., -799.55836578274307, 0., 1., 0.,
       -604.13082591814964, 0., 0., 0., 612.52727122155409, 0., 0.,
       0.36845371950499661, 0. ]
