%YAML:1.0
---
K1: !!opencv-matrix
   rows: 3
   cols: 3
   dt: d
   data: [ 757.09062699351773, 0., 764.87425990001384, 0.,
       753.94479247481684, 575.55564492659221, 0., 0., 1. ]
K2: !!opencv-matrix
   rows: 3
   cols: 3
   dt: d
   data: [ 758.91968591488069, 0., 771.79441544752763, 0.,
       755.86267411504718, 597.49407880566753, 0., 0., 1. ]
D1: !!opencv-matrix
   rows: 4
   cols: 1
   dt: d
   data: [ -0.02191185042399197, 0.037870059722076417,
       -0.043757735984651436, 0.007153012773839563 ]
D2: !!opencv-matrix
   rows: 4
   cols: 1
   dt: d
   data: [ -0.018251089044695253, 0.016380911723095755,
       -0.013482703503193324, -0.0025345334554348958 ]
rectL: !!opencv-matrix
   rows: 3
   cols: 3
   dt: d
   data: [ 0.99991454082521336, -0.010697121527862551,
       0.0075154931522099068, 0.010701315647115529, 0.99994260507618093,
       -0.00051807034414974823, -0.0075095199396216202,
       0.00059845173475117392, 0.99997162408030238 ]
rectR: !!opencv-matrix
   rows: 3
   cols: 3
   dt: d
   data: [ 0.9999294795716327, 0.0021959517128853491,
       0.011671061634591588, -0.0022024671237493537, 0.9999974258191423,
       0.00054542979166239628, -0.011669833853682875,
       -0.00057109645726929968, 0.99993174208376034 ]
projMatrixL: !!opencv-matrix
   rows: 3
   cols: 4
   dt: d
   data: [ 612.52727122155522, 0., 799.55836578273738, 0., 0.,
       612.52727122155522, 604.13082591815225, 0., 0., 0., 1., 0. ]
projMatrixR: !!opencv-matrix
   rows: 3
   cols: 4
   dt: d
   data: [ 612.52727122155522, 0., 799.55836578273738,
       -1662.4266191272598, 0., 612.52727122155522, 604.13082591815225,
       0., 0., 0., 1., 0. ]
Q: !!opencv-matrix
   rows: 4
   cols: 4
   dt: d
   data: [ 1., 0., 0., -799.55836578273738, 0., 1., 0.,
       -604.13082591815225, 0., 0., 0., 612.52727122155522, 0., 0.,
       0.36845371950499661, 0. ]
